[DadosDesenhos]
DadosDesPontosGeo=4.025201,4.025201,1.000000,96121.841086,4315873.822684,0.000000,1.000000,0,0,1
DadosDesPontosGeoConfig=0,1,0,1,0,1,1,1,1,1,100,3,1,1,1,1,1,1,1,1,1,1,1,0,1,1,0,1,0,0,1,0,1,0,0,1,1,0,0,1,0,1,1,1,1,0,0
DadosDesPontosGeoCores=0,16777215,4227072,1942750,16711808,8388863,8454143,4227200,182,33023
DesPontosComSecoes=0
DesPontosComPerfil=0
DadosDesPontosGeoRadar=0,50,0,1,1,16711808
DadosMapa=0.000000,0.000000,0.000000,0.000000,1.000000,0,4.025201,-386909.709241,17373080.656196,
DadosDesPontosGeoGeoRef=0,0,0,0,0,0
[DadosProjeto]
TipoSuperf=0,0,0
