[DadosDesenhos]
DadosDesPontosGeo=0.912789,0.912789,1.000000,95289.426156,4312797.449013,0.000000,15.362604,15,0,1
DadosDesPontosGeoConfig=0,1,0,0,0,1,1,0,1,1,100,3,1,1,1,1,1,1,0,1,0,1,1,0,1,1,0,1,0,0,1,30,1,0,0,1,1,0,0,1,0,1,1,1,1,0,0
DadosDesPontosGeoCores=0,16777215,4227072,1942750,16711808,8388863,8454143,4227200,182,33023
DesPontosComSecoes=0
DesPontosComPerfil=0
DadosDesPontosGeoRadar=0,50,0,1,1,16711808
DadosMapa=95285.656776,4313710.846923,2.792446,6.791833,15.362604,1,0.059416,-0.891735,-5.540400,CampoGolf.jpg
DadosDesPontosGeoGeoRef=0,1,1,0,0,0
DadosLocalizar=1,0
[DadosProjeto]
TipoSuperf=1,0,0
