[DadosDesenhos]
DadosDesPontosGeo=0.110000,0.110000,1.000000,195186.165705,8241194.452764,0.000000,0.078731,421,0,1
DadosDesPontosGeoConfig=0,1,0,1,0,0,1,1,1,0,10000,3,1,1,1,1,1,1,1,1,1,1,1,0,1,1,0,1,0,0,1,29,1,0,0,1,1,0,0,1,0,1,1,1,1,0,0
DadosDesPontosGeoCores=0,16777215,4227072,1942750,16711808,8388863,8454143,4227200,182,33023
DesPontosComSecoes=0
DesPontosComPerfil=0
DadosDesPontosGeoRadar=0,50,0,1,1,16711808
DadosMapa=178112.500000,8284796.600000,-1529.215906,-3928.375156,0.078731,3,1.397162,-2046.316977,-4406.357463,brasilia2215.jpg
DadosDesPontosGeoGeoRef=0,1,3,0,0,0
[DadosProjeto]
TipoSuperf=3,0,0
