[DadosDesenhos]
DadosDesPontosGeoGeoRef=0,1,5,0,0,0
ArquivosTopografia=F:\Users\Carlo.Rabelo\source\repos\EstWin2025\Exemplos\Caragua\Bacia1_CN.dxf,,F:\Users\Carlo.Rabelo\source\repos\EstWin2025\Exemplos\Caragua\Bacia1.jpg
DadosDesPontosGeo=0.470000,0.470000,1.000000,458040.401746,7392069.964353,0.000000,0.152930,14088,0,1
DadosDesPontosGeoConfig=0,1,0,1,0,1,1,0,1,1,1000,3,1,1,1,1,1,1,1,1,1,1,1,0,1,1,0,1,0,0,1,29,1,0,0,1,1,0,0,1,0,1,1,1,1,0,0
DadosDesPontosGeoCores=0,16777215,4227072,1942750,16711808,8388863,8454143,4227200,182,33023
DesPontosComSecoes=0
DesPontosComPerfil=0
DadosDesPontosGeoRadar=0,50,0,1,1,16711808
DadosMapa=450895.767706,7399439.679921,-144.818175,-481.124957,0.152930,5,3.073302,-3426.042541,-2938.895047,Bacia1.jpg
[DadosProjeto]
TipoSuperf=0,0,0
