[DadosDesenhos]
DadosDesPontosGeoGeoRef=0,1,5,0,0,0
ArquivosTopografia=C:\VUE\Caragua\Bacia1_CN.dxf,,C:\VUE\Caragua\Bacia1.jpg
DadosDesPontosGeo=0.060000,0.060000,1.000000,446648.000406,7386033.153708,0.000000,0.152844,14563,0,1
DadosDesPontosGeoConfig=0,1,0,1,0,1,1,0,1,1,1000,3,1,1,1,1,1,1,1,1,0,1,0,0,1,1,0,1,0,0,1,29,1,0,0,1,1,0,0,1,0,1,1,1,1,0,0
DadosDesPontosGeoCores=0,16777215,4227072,1942750,16711808,8388863,8454143,4227200,182,33023
DesPontosComSecoes=0
DesPontosComPerfil=0
DadosDesPontosGeoRadar=0,50,0,1,1,16711808
DadosMapa=450895.767706,7399439.679921,-144.977201,-468.487169,0.152844,5,0.392557,246.167406,-10.500803,Bacia1.jpg
[DadosProjeto]
TipoSuperf=5,0,0
