[DadosDesenhos]
DadosDesPontosGeoGeoRef=0,0,4,0,0,0
ArquivosTopografia=C:\Users\Carlos A. Rabelo\source\repos\EstWin\Projetos\ProjACAD\MalhaTriangularProjACAD.dxf,C:\Users\Carlos A. Rabelo\source\repos\EstWin\Projetos\ProjACAD\TopografiaProjACAD.dxf
DadosDesPontosGeo=0.470000,0.470000,1.000000,594279.865333,7799487.978381,0.000000,1.000000,9,0,1
DadosDesPontosGeoConfig=0,1,0,1,0,1,1,0,1,1,100,3,1,1,1,1,1,1,1,1,1,1,1,0,1,1,0,1,0,0,1,56,1,0,0,1,1,0,0,1,0,1,1,1,1,1,0
DadosDesPontosGeoCores=0,16777215,4227072,1942750,16711808,8388863,8454143,4227200,182,33023
DesPontosComSecoes=0
DesPontosComPerfil=0
DadosDesPontosGeoRadar=0,50,0,1,1,16711808
DadosMapa=0.000000,0.000000,1.000000,0.000000,1.000000,6,0.470000,-279311.066707,3666510.349839,Caragua.jpg
[DadosProjeto]
TipoSuperf=0,0,0
