[DadosDesenhos]
DadosDesPontosGeoGeoRef=0,0,4,0,0,0
ArquivosTopografia=C:\Users\Carlos A. Rabelo\source\repos\EstWin\Projetos\ProjACAD\MalhaTriangularProjACAD.dxf,C:\Users\Carlos A. Rabelo\source\repos\EstWin\Projetos\ProjACAD\TopografiaProjACAD.dxf
DadosDesPontosGeo=2.000000,2.000000,1.000000,594234.333419,7800439.590083,0.000000,1.000000,9,0,1
DadosDesPontosGeoConfig=0,1,0,1,0,1,1,0,1,1,100,3,1,1,1,1,1,1,1,1,1,1,1,0,1,1,0,1,0,0,1,56,1,0,0,1,1,0,0,1,0,1,1,1,1,1,0
DadosDesPontosGeoCores=0,16777215,4227072,1942750,16711808,8388863,8454143,4227200,182,33023
DesPontosComSecoes=0
DesPontosComPerfil=0
DadosDesPontosGeoRadar=0,50,0,1,1,16711808
DadosMapa=0.000000,0.000000,1.000000,0.000000,1.000000,6,2.000000,-1188466.666839,15601701.180166,Caragua.jpg
[DadosProjeto]
TipoSuperf=4,0,0
