[DadosDesenhos]
DadosDesPontosGeoGeoRef=0,1,5,0,0,0
ArquivosTopografia=F:\Users\Carlo.Rabelo\source\repos\EstWin2025\Exemplos\Caragua\Bacia1_CN.dxf,,F:\Users\Carlo.Rabelo\source\repos\EstWin2025\Exemplos\Caragua\Bacia1.jpg
DadosDesPontosGeo=0.050000,0.050000,1.000000,446602.103874,7385189.113289,0.000000,0.152930,14088,0,1
DadosDesPontosGeoConfig=0,1,0,1,0,1,1,0,1,1,1000,3,1,1,1,1,1,1,1,1,1,1,1,0,1,1,0,1,0,0,1,29,1,0,0,1,1,0,0,1,0,1,1,1,1,0,0
DadosDesPontosGeoCores=0,16777215,4227072,1942750,16711808,8388863,8454143,4227200,182,33023
DesPontosComSecoes=0
DesPontosComPerfil=0
DadosDesPontosGeoRadar=0,50,0,1,1,16711808
DadosMapa=450895.767706,7399439.679921,-144.818175,-481.124957,0.152930,5,0.326947,207.442283,33.415421,Bacia1.jpg
[DadosProjeto]
TipoSuperf=0,0,1
