[DadosDesenhos]
DadosDesPontosGeo=0.230000,0.230000,1.000000,200259.304043,8243336.987347,0.000000,0.078705,526,0,1
DadosDesPontosGeoConfig=0,1,0,1,0,0,1,1,1,1,1000,3,1,1,1,1,1,1,1,1,1,1,1,0,1,1,0,1,0,0,0,29,1,0,0,1,1,0,0,1,0,1,1,1,1,0,0
DadosDesPontosGeoCores=0,16777215,4227072,1942750,16711808,8388863,8454143,4227200,182,33023
DesPontosComSecoes=0
DesPontosComPerfil=0
DadosDesPontosGeoRadar=0,50,0,1,1,16711808
DadosMapa=178112.500000,8284796.600000,-1530.308808,-3955.297747,0.078705,3,2.922305,-5445.735956,-9694.429392,brasilia2215.jpg
DadosDesPontosGeoGeoRef=0,1,3,0,0,0
[DadosProjeto]
TipoSuperf=0,0,0
