[DadosDesenhos]
DadosDesPontosGeo=6.750000,6.750000,1.000000,616911.317263,9289892.814734,0.000000,1.000000,9,0,1
DadosDesPontosGeoConfig=0,1,0,0,0,1,1,1,1,1,100,3,1,1,1,1,1,1,1,1,1,1,1,0,1,1,0,0,0,1,0,17,1,0,0,1,1,0,0,1,0,1,1,1,1,0,0
DadosDesPontosGeoCores=0,16777215,4227072,1942750,16711808,8388863,8454143,4227200,182,33023
DesPontosComSecoes=0
DesPontosComPerfil=0
DadosDesPontosGeoRadar=0,50,0,1,1,3342361
DadosMapa=616447.916009,9290365.694825,1.000000,0.000000,1.000000,0,6.750000,-3121.208461,-2440.940613,
DadosDesPontosGeoGeoRef=0,0,0,0,1,0
[DadosProjeto]
TipoSuperf=0,0,0
