[DadosDesenhos]
DadosDesPontosGeo=11.380000,11.380000,1.000000,617324.884713,9289671.147797,0.000000,1.000000,9,0,1
DadosDesPontosGeoConfig=0,1,0,0,0,1,1,1,1,1,100,3,1,1,1,1,1,1,1,1,1,1,1,0,1,1,0,0,0,0,0,17,1,0,1,1,1,0,0,1,0,1,1,1,1,0,0
DadosDesPontosGeoCores=0,16777215,4227072,1942750,16711808,8388863,8454143,4227200,182,33023
DesPontosComSecoes=0
DesPontosComPerfil=0
DadosDesPontosGeoRadar=0,50,0,1,1,3342361
DadosMapa=616447.916009,9290365.694825,1.000000,0.000000,1.000000,0,11.380000,-9968.523847,-7152.945177,
DadosDesPontosGeoGeoRef=0,0,0,0,0,0
DadosLocalizar=1,0
[DadosProjeto]
TipoSuperf=0,0,0
