[DadosDesenhos]
DadosDesPontosGeo=8.490000,8.490000,1.000000,617293.382945,9289661.763158,0.000000,1.000000,9,0,1
DadosDesPontosGeoConfig=0,1,0,0,0,1,1,1,1,1,100,3,1,1,1,1,1,1,1,1,1,1,1,0,1,1,0,0,0,0,0,49,1,0,0,1,1,0,0,1,0,1,1,1,1,0,0
DadosDesPontosGeoCores=0,16777215,4227072,1942750,16711808,8388863,8454143,4227200,182,33023
DesPontosComSecoes=0
DesPontosComPerfil=0
DadosDesPontosGeoRadar=0,50,0,1,1,3342361
DadosMapa=0.000000,0.000000,1.000000,0.000000,1.000000,0,8.490000,-5240812.331203,78870050.369214,
DadosDesPontosGeoGeoRef=0,0,0,0,0,0
[DadosProjeto]
TipoSuperf=0,0,0
