[DadosDesenhos]
DadosDesPontosGeo=0.042769,0.042769,1.000000,616083.700000,9279725.792000,0.000000,1.000000,0,0,1
DadosDesPontosGeoConfig=0,1,0,1,0,1,1,1,1,1,100,3,1,1,1,1,1,1,1,1,1,1,1,0,1,1,0,1,0,0,1,0,1,0,0,1,1,0,0,1,0,1,1,1,1,0,0
DadosDesPontosGeoCores=0,16777215,4227072,1942750,16711808,8388863,8454143,4227200,182,33023
DesPontosComSecoes=0
DesPontosComPerfil=0
DadosDesPontosGeoRadar=0,50,0,1,1,16711808
DadosMapa=0.000000,0.000000,0.000000,0.000000,1.000000,0,0.042769,-26348.993641,397328.222421,
DadosDesPontosGeoGeoRef=0,0,0,0,0,0
[DadosProjeto]
TipoSuperf=0,0,0
