[DadosDesenhos]
DadosDesPontosGeo=5.040000,5.040000,1.000000,96122.307611,4315898.161539,0.000000,41.609341,0,0,1
DadosDesPontosGeoConfig=0,1,0,1,0,1,1,0,1,1,100,3,1,1,1,1,1,1,0,1,1,1,1,0,1,1,0,1,0,0,1,0,1,0,0,1,1,0,0,1,0,1,1,1,1,0,0
DadosDesPontosGeoCores=0,16777215,4227072,1942750,16711808,8388863,8454143,4227200,182,33023
DesPontosComSecoes=0
DesPontosComPerfil=0
DadosDesPontosGeoRadar=0,50,0,1,1,16711808
DadosMapa=96121.449056,4316082.545611,-0.575556,3.935682,41.609341,1,0.121127,-7.227920,-158.459890,TesteDrone3.jpg
DadosDesPontosGeoGeoRef=0,1,1,0,0,0
[DadosProjeto]
TipoSuperf=0,0,0
