[DadosDesenhos]
DadosDesPontosGeo=1.210000,1.210000,1.000000,395618.827230,7418794.094556,0.000000,2.707542,0,0,1
DadosDesPontosGeoConfig=0,1,0,0,0,1,1,1,1,1,100,3,1,1,1,1,1,1,1,1,1,1,1,0,1,1,0,1,0,0,1,0,1,0,0,1,1,0,0,1,0,1,1,1,1,0,0
DadosDesPontosGeoCores=0,16777215,4227072,1942750,16711808,8388863,8454143,4227200,182,33023
DesPontosComSecoes=0
DesPontosComPerfil=0
DadosDesPontosGeoRadar=0,50,0,1,1,16711808
DadosMapa=395614.476787,7419542.492813,0.000000,0.000000,2.707542,2,0.446900,-5.264036,-83.561891,ProjGoogle.jpg
DadosDesPontosGeoGeoRef=0,1,2,0,0,0
[DadosProjeto]
TipoSuperf=0,0,0
