[DadosDesenhos]
DadosDesPontosGeo=0.550000,0.550000,1.000000,245271.274808,4306521.953939,0.000000,1.559864,0,0,1
DadosDesPontosGeoConfig=0,1,0,1,0,1,1,0,1,1,100,3,1,1,1,1,1,1,0,1,1,1,1,0,1,1,0,1,0,0,1,0,1,0,0,1,1,0,0,1,0,1,1,1,1,0,0
DadosDesPontosGeoCores=0,16777215,4227072,1942750,16711808,8388863,8454143,4227200,182,33023
DesPontosComSecoes=0
DesPontosComPerfil=0
DadosDesPontosGeoRadar=0,50,0,1,1,16711808
DadosMapa=246069.641000,4307626.963000,302.194364,103.337646,1.559864,1,0.352595,605.308306,290.080722,CampoGolf2.jpg
DadosDesPontosGeoGeoRef=0,1,1,0,0,0
[DadosProjeto]
TipoSuperf=0,0,0
