[DadosDesenhos]
DadosLocalizar=1,0
DadosDesPontosGeo=2.830000,2.830000,1.000000,171247.739515,4313562.432993,0.000000,41.627367,0,0,1
DadosDesPontosGeoConfig=0,1,0,1,0,1,1,1,1,1,100,3,1,1,1,1,1,1,1,1,1,1,1,0,1,1,0,1,0,0,1,0,1,0,0,1,1,0,1,1,0,1,1,1,1,0,0
DadosDesPontosGeoCores=0,16777215,4227072,1942750,16711808,8388863,8454143,4227200,182,33023
DesPontosComSecoes=0
DesPontosComPerfil=0
DadosDesPontosGeoRadar=0,50,0,1,1,16711808
DadosMapa=171430.996908,4313744.769236,-1.951791,2.680846,41.627367,1,0.067984,513.094853,332.575227,TesteDrone3.jpg
DadosDesPontosGeoGeoRef=0,1,1,0,0,0
[DadosProjeto]
TipoSuperf=0,0,0
