[DadosDesenhos]
DadosDesPontosGeo=4.025201,4.025201,1.000000,96121.841086,4315873.822684,0.000000,41.609341,0,0,1
DadosDesPontosGeoConfig=0,1,0,1,0,1,1,0,1,1,100,3,1,1,1,1,1,1,0,1,1,1,1,0,1,1,0,1,0,0,1,0,1,0,0,1,1,0,0,1,0,1,1,1,1,0,0
DadosDesPontosGeoCores=0,16777215,4227072,1942750,16711808,8388863,8454143,4227200,182,33023
DesPontosComSecoes=0
DesPontosComPerfil=0
DadosDesPontosGeoRadar=0,50,0,1,1,16711808
DadosMapa=96121.449056,4316082.545611,-0.575556,3.935682,41.609341,1,0.096738,-3.894728,-2.309777,TesteDrone3.jpg
DadosDesPontosGeoGeoRef=0,1,1,0,0,0
[DadosProjeto]
TipoSuperf=1,0,0
